1 16 1 1.56
2 1 2 8
3 2 3 11
4 3 4 8
5 4 5 2
6 5 6 7
7 6 7 7
8 7 8 1
9 8 9 6
10 9 10 7
11 10 11 4
12 11 12 2
13 13 12 14
14 13 14 9
15 15 14 10
16 15 16 2
17 1 17 2.5                    
18 2 18 1
19 3 19 0.8
20 4 19 0.7
21 5 20 3.5
22 20 34 2.8
23 19 34 1.3
24 18 33 2.1
25 33 34 0.6
26 19 18 0.7
27 17 18 6
28 17 32 4.4
29 16 32 6.5
30 32 14 3.1
31 32 31 1.6
32 31 13 3.2
33 31 33 4.5
34 33 29 3.1
35 31 29 2.9
36 13 30 3
37 29 30 2
38 29 27 3.1
39 27 28 1.5
40 27 25 3.1
41 26 28 3.1
42 30 28 2.2
43 25 26 0.8
44 24 25 1.9
45 21 24 2
46 20 21 2.4
47 21 6 6.5
48 6 22 4
49 22 8 5.8
50 22 23 3.6
51 23 24 0.8
52 23 9 4.7
53 25 10 7.5
54 26 11 4.6